OFFSET 0 2
SCALE 1 -1

0 (0.34, 0.28) R 200 300 400
1 (0.44, 0.56) R 201 301 401
2 (0.34, 0.84) R 202 302 402
3 (0.44, 1.12) R 203 303 403
4 (0.34, 1.40) R 204 304 404
5 (0.44, 1.68) R 205 305 405
6 (0.14, 1.50) R 206 306 406
7 (0.64, 0.38) R 207 307 407
8 (0.64, 0.76) R 208 308 408
9 (0.64, 1.14) R 209 309 409
10 (0.64, 1.52) R 210 310 410
11 (0.69, 1.92) R 211 311 411

ALU (0.25, 0.00); (0.25, 1.52); (0.06, 1.40); (0.00, 1.48); (0.52, 1.84); (0.52, 0.00);
ALU (0.59, 0.00); (0.59, 1.90); (0.79, 2.05); (0.85, 1.97); (0.69, 1.85); (0.69, 0.00);

ALU (0.73, 0.00); (0.96, 0.68); (1.19, 0.00); (1.10, 0.00); (1.02, 0.19); (0.90, 0.19); (0.82, 0.00);
ALU (1.25, 0.00); (0.98, 0.77); (1.07, 1.04); (1.43, 0.00);

ALU (1.48, 0.42); (1.48, 0.62); (1.73, 0.62); (1.73, 0.42);
ALU (1.48, 0.68); (1.48, 0.78); (1.73, 0.78); (1.73, 0.68);

ALU (2.290, 0.000); (2.180, 0.100); (2.080, 0.220); (1.980, 0.370); (1.980, 1.650); (2.080, 1.800); (2.180, 1.920); (2.290, 2.020); (2.250, 1.770); (2.220, 1.520); (2.210, 1.270); (2.200, 1.010); (2.210, 0.750); (2.220, 0.500); (2.250, 0.250);
ALU (2.402, 0.000); (2.518, 0.092); (2.623, 0.197); (2.714, 0.313); (2.790, 0.440); (2.851, 0.575); (2.894, 0.717); (2.921, 0.862); (2.930, 1.010); (2.921, 1.158); (2.894, 1.303); (2.851, 1.445); (2.790, 1.580); (2.714, 1.707); (2.623, 1.823); (2.518, 1.928); (2.402, 2.020); (2.390, 2.020); (2.346, 1.770); (2.315, 1.517); (2.296, 1.264); (2.290, 1.010); (2.296, 0.756); (2.315, 0.503); (2.346, 0.250); (2.390, -0.000);
ALU (2.450, 0.165); (2.535, 0.249); (2.611, 0.341); (2.676, 0.441); (2.731, 0.547); (2.774, 0.658); (2.805, 0.773); (2.824, 0.891); (2.830, 1.010); (2.824, 1.129); (2.805, 1.247); (2.774, 1.362); (2.731, 1.473); (2.676, 1.579); (2.611, 1.679); (2.535, 1.771); (2.450, 1.855); (2.461, 1.855); (2.430, 1.645); (2.408, 1.434); (2.394, 1.222); (2.390, 1.010); (2.394, 0.798); (2.408, 0.586); (2.430, 0.375); (2.461, 0.165);

ALU (3.090, 0.000); (3.090, 0.630); (2.990, 0.630); (2.990, 0.730); (3.090, 0.730); (3.090, 1.030); (3.250, 1.030); (3.250, 0.730); (3.310, 0.730); (3.310, 1.030); (3.640, 1.030); (3.640, 0.930); (3.410, 0.930); (3.410, 0.730); (3.510, 0.730); (3.510, 0.630); (3.410, 0.630); (3.410, 0.100); (3.640, 0.100); (3.640, -0.000); (3.310, -0.000); (3.310, 0.630); (3.250, 0.630); (3.250, 0.000);
ALU (4.560, 0.000); (4.450, 0.100); (4.350, 0.220); (4.250, 0.370); (4.250, 1.650); (4.350, 1.800); (4.450, 1.920); (4.560, 2.020); (4.520, 1.770); (4.490, 1.520); (4.480, 1.270); (4.470, 1.010); (4.480, 0.750); (4.490, 0.500); (4.520, 0.250);
ALU (4.672, 0.000); (4.788, 0.092); (4.893, 0.197); (4.984, 0.313); (5.060, 0.440); (5.121, 0.575); (5.164, 0.717); (5.191, 0.862); (5.200, 1.010); (5.191, 1.158); (5.164, 1.303); (5.121, 1.445); (5.060, 1.580); (4.984, 1.707); (4.893, 1.823); (4.788, 1.928); (4.672, 2.020); (4.660, 2.020); (4.616, 1.770); (4.585, 1.517); (4.566, 1.264); (4.560, 1.010); (4.566, 0.756); (4.585, 0.503); (4.616, 0.250); (4.660, -0.000);
ALU (4.720, 0.165); (4.805, 0.249); (4.881, 0.341); (4.946, 0.441); (5.001, 0.547); (5.044, 0.658); (5.075, 0.773); (5.094, 0.891); (5.100, 1.010); (5.094, 1.129); (5.075, 1.247); (5.044, 1.362); (5.001, 1.473); (4.946, 1.579); (4.881, 1.679); (4.805, 1.771); (4.720, 1.855); (4.731, 1.855); (4.700, 1.645); (4.678, 1.434); (4.664, 1.222); (4.660, 1.010); (4.664, 0.798); (4.678, 0.586); (4.700, 0.375); (4.731, 0.165);

ALU (5.320, 0.300); (5.320, 1.360); (5.420, 1.360); (5.420, 0.300); (5.420, 0.300); (5.424, 0.261); (5.435, 0.223); (5.454, 0.189); (5.479, 0.159); (5.509, 0.134); (5.543, 0.115); (5.581, 0.104); (5.620, 0.100); (5.659, 0.104); (5.697, 0.115); (5.731, 0.134); (5.761, 0.159); (5.786, 0.189); (5.805, 0.223); (5.816, 0.261); (5.820, 0.300); (5.820, 0.300); (5.820, 1.360); (5.920, 1.360); (5.920, 0.300); (5.920, 0.300); (5.914, 0.241); (5.897, 0.185); (5.869, 0.133); (5.832, 0.088); (5.787, 0.051); (5.735, 0.023); (5.679, 0.006); (5.620, 0.000); (5.561, 0.006); (5.505, 0.023); (5.453, 0.051); (5.408, 0.088); (5.371, 0.133); (5.343, 0.185); (5.326, 0.241); (5.320, 0.300);
ALU (5.470, 0.300); (5.470, 1.360); (5.620, 1.360); (5.620, 0.150); (5.620, 0.150); (5.591, 0.153); (5.563, 0.161); (5.537, 0.175); (5.514, 0.194); (5.495, 0.217); (5.481, 0.243); (5.473, 0.271); (5.470, 0.300);
ALU (6.120, 0.320); (6.040, 2.020); (6.170, 2.020); (6.220, 0.320);
ALU (6.280, 0.320); (6.230, 2.020); (6.430, 2.020); (6.380, 0.320);
ALU (6.390, 0.140); (6.387, 0.166); (6.380, 0.192); (6.368, 0.216); (6.351, 0.237); (6.331, 0.254); (6.308, 0.267); (6.283, 0.276); (6.257, 0.280); (6.230, 0.279); (6.204, 0.272); (6.180, 0.261); (6.159, 0.246); (6.140, 0.227); (6.126, 0.204); (6.116, 0.180); (6.111, 0.154); (6.111, 0.127); (6.116, 0.101); (6.125, 0.076); (6.140, 0.054); (6.158, 0.035); (6.180, 0.019); (6.204, 0.008); (6.229, 0.002); (6.256, 0.000); (6.282, 0.004); (6.308, 0.012); (6.331, 0.026); (6.351, 0.043); (6.367, 0.064); (6.380, 0.087); (6.387, 0.113);
ALU (3.74, 0.42); (3.74, 0.62); (3.99, 0.62); (3.99, 0.42);
ALU (3.74, 0.68); (3.74, 0.78); (3.99, 0.78); (3.99, 0.68);
